# Generated with contact (C Contact Matrix Calculator) v2022/08/30.
# Command line: contact -c system.gro -f traj.xtc -o contact_matrix.dat -a Protein2 -b Protein1
            1      2      5      8     10     12     14     16     18     20     22     24     26     28     30     32     34     36     38     40     42     44     46     48     50     52     54     57     60 
    62  0.000  0.000  0.000  0.000  0.000  0.000  0.000  0.000  0.000  0.000  0.000  0.000  0.000  0.000  0.000  0.000  0.000  0.000  0.000  0.000  0.000  0.000  0.000  0.000  0.000  0.000  0.000  0.000  0.000 
    63  0.000  0.000  0.000  0.000  0.000  0.000  0.000  0.000  0.000  0.000  0.000  0.000  0.000  0.000  0.000  0.000  0.000  0.000  0.000  0.000  0.000  0.000  0.000  0.000  0.000  0.000  0.000  0.000  0.000 
    66  0.000  0.000  0.000  0.001  0.001  0.000  0.000  0.000  0.000  0.000  0.000  0.000  0.000  0.000  0.000  0.000  0.000  0.000  0.000  0.000  0.000  0.000  0.000  0.000  0.000  0.000  0.000  0.000  0.000 
    69  0.000  0.000  0.000  0.000  0.001  0.001  0.001  0.000  0.000  0.000  0.000  0.000  0.000  0.000  0.000  0.000  0.000  0.000  0.000  0.000  0.000  0.000  0.000  0.000  0.000  0.000  0.000  0.000  0.000 
    71  0.000  0.000  0.001  0.001  0.001  0.001  0.001  0.001  0.001  0.001  0.000  0.000  0.000  0.000  0.000  0.000  0.000  0.000  0.000  0.000  0.000  0.000  0.000  0.000  0.000  0.000  0.000  0.000  0.000 
    73  0.000  0.000  0.001  0.001  0.000  0.001  0.001  0.003  0.004  0.004  0.000  0.001  0.002  0.000  0.000  0.000  0.000  0.000  0.000  0.000  0.000  0.000  0.000  0.000  0.000  0.000  0.000  0.000  0.000 
    75  0.000  0.000  0.000  0.000  0.000  0.001  0.004  0.007  0.005  0.004  0.004  0.003  0.001  0.000  0.000  0.000  0.000  0.000  0.000  0.000  0.000  0.000  0.000  0.000  0.000  0.000  0.000  0.000  0.000 
    77  0.000  0.000  0.000  0.000  0.001  0.004  0.007  0.008  0.012  0.018  0.006  0.004  0.008  0.005  0.000  0.000  0.000  0.000  0.000  0.000  0.000  0.000  0.000  0.000  0.000  0.000  0.000  0.000  0.000 
    79  0.000  0.000  0.001  0.000  0.001  0.004  0.009  0.015  0.029  0.033  0.009  0.019  0.027  0.011  0.001  0.002  0.001  0.000  0.000  0.000  0.000  0.000  0.000  0.000  0.000  0.000  0.000  0.000  0.000 
    81  0.000  0.000  0.000  0.000  0.000  0.004  0.009  0.018  0.018  0.024  0.020  0.042  0.041  0.016  0.004  0.008  0.009  0.001  0.000  0.000  0.000  0.000  0.000  0.000  0.000  0.000  0.000  0.000  0.000 
    83  0.000  0.000  0.000  0.000  0.000  0.001  0.005  0.006  0.010  0.029  0.034  0.043  0.038  0.031  0.016  0.009  0.005  0.001  0.001  0.001  0.000  0.000  0.000  0.000  0.000  0.000  0.000  0.000  0.000 
    85  0.000  0.000  0.000  0.000  0.000  0.001  0.007  0.010  0.025  0.066  0.059  0.110  0.132  0.098  0.032  0.022  0.027  0.008  0.000  0.000  0.000  0.000  0.000  0.000  0.000  0.000  0.000  0.000  0.000 
    87  0.000  0.000  0.000  0.000  0.000  0.001  0.005  0.010  0.018  0.049  0.066  0.121  0.172  0.130  0.052  0.080  0.072  0.024  0.002  0.002  0.001  0.000  0.000  0.000  0.000  0.000  0.000  0.000  0.000 
    89  0.000  0.000  0.000  0.000  0.000  0.000  0.001  0.003  0.007  0.021  0.045  0.078  0.091  0.089  0.081  0.096  0.073  0.022  0.013  0.010  0.007  0.001  0.000  0.000  0.000  0.000  0.000  0.000  0.000 
    91  0.000  0.000  0.000  0.000  0.000  0.000  0.000  0.001  0.002  0.013  0.021  0.039  0.068  0.104  0.055  0.116  0.083  0.048  0.021  0.008  0.003  0.000  0.000  0.000  0.000  0.000  0.000  0.000  0.000 
    93  0.000  0.000  0.000  0.000  0.000  0.000  0.000  0.001  0.002  0.007  0.023  0.045  0.106  0.154  0.142  0.223  0.224  0.116  0.059  0.034  0.021  0.003  0.000  0.000  0.000  0.000  0.000  0.000  0.000 
    95  0.000  0.000  0.000  0.000  0.000  0.000  0.000  0.001  0.002  0.005  0.013  0.033  0.047  0.088  0.108  0.192  0.210  0.121  0.069  0.087  0.047  0.010  0.002  0.001  0.000  0.000  0.000  0.000  0.000 
    97  0.000  0.000  0.000  0.000  0.000  0.000  0.000  0.000  0.000  0.000  0.003  0.008  0.013  0.031  0.061  0.089  0.095  0.085  0.091  0.074  0.032  0.009  0.011  0.005  0.001  0.000  0.000  0.000  0.000 
    99  0.000  0.000  0.000  0.000  0.000  0.000  0.000  0.000  0.000  0.000  0.001  0.003  0.007  0.030  0.028  0.076  0.099  0.114  0.124  0.128  0.063  0.022  0.015  0.002  0.000  0.000  0.000  0.000  0.000 
   101  0.000  0.000  0.000  0.000  0.000  0.000  0.000  0.000  0.000  0.000  0.000  0.002  0.006  0.009  0.021  0.055  0.110  0.117  0.140  0.209  0.147  0.037  0.048  0.023  0.004  0.000  0.000  0.000  0.000 
   103  0.000  0.000  0.000  0.000  0.000  0.000  0.000  0.000  0.000  0.000  0.000  0.001  0.002  0.004  0.008  0.027  0.031  0.043  0.068  0.115  0.085  0.022  0.040  0.035  0.005  0.001  0.001  0.000  0.000 
   105  0.000  0.000  0.000  0.000  0.000  0.000  0.000  0.000  0.000  0.000  0.000  0.000  0.000  0.000  0.002  0.004  0.005  0.015  0.029  0.031  0.024  0.027  0.040  0.020  0.002  0.001  0.003  0.000  0.000 
   107  0.000  0.000  0.000  0.000  0.000  0.000  0.000  0.000  0.000  0.000  0.000  0.000  0.000  0.000  0.001  0.003  0.005  0.021  0.018  0.058  0.061  0.041  0.085  0.074  0.018  0.003  0.008  0.000  0.000 
   109  0.000  0.000  0.000  0.000  0.000  0.000  0.000  0.000  0.000  0.000  0.000  0.000  0.000  0.000  0.000  0.002  0.003  0.004  0.008  0.030  0.045  0.025  0.072  0.098  0.019  0.004  0.016  0.004  0.001 
   111  0.000  0.000  0.000  0.000  0.000  0.000  0.000  0.000  0.000  0.000  0.000  0.000  0.000  0.000  0.000  0.000  0.000  0.001  0.002  0.006  0.003  0.005  0.017  0.015  0.005  0.002  0.011  0.003  0.001 
   113  0.000  0.000  0.000  0.000  0.000  0.000  0.000  0.000  0.000  0.000  0.000  0.000  0.000  0.000  0.000  0.000  0.000  0.000  0.000  0.000  0.000  0.003  0.006  0.004  0.003  0.006  0.014  0.002  0.000 
   115  0.000  0.000  0.000  0.000  0.000  0.000  0.000  0.000  0.000  0.000  0.000  0.000  0.000  0.000  0.000  0.000  0.000  0.000  0.000  0.002  0.002  0.005  0.008  0.019  0.017  0.011  0.024  0.008  0.001 
   118  0.000  0.000  0.000  0.000  0.000  0.000  0.000  0.000  0.000  0.000  0.000  0.000  0.000  0.000  0.000  0.000  0.000  0.000  0.000  0.000  0.000  0.000  0.002  0.005  0.003  0.003  0.007  0.005  0.000 
   121  0.000  0.000  0.000  0.000  0.000  0.000  0.000  0.000  0.000  0.000  0.000  0.000  0.000  0.000  0.000  0.000  0.000  0.000  0.000  0.000  0.000  0.000  0.000  0.000  0.000  0.001  0.001  0.000  0.000 
